analysing packets...

default : 0110 0110 | 1000 0000 | 1000 0000 | 1000 0000 | 1000 0000 | 0000 0000 | 0000 0000 | 1001 1001
forward   0110 0110 | 1000 0000 | 1011 1111 | 1000 0000 | 1000 0000 | 0000 0000 | 0011 1111 | 1001 1001
          0110 0110 | 1000 0001 | 1000 0110 | 1000 0000 | 1000 0000 | 0000 0000 | 0000 0111 | 1001 1001
                              x     ^^ ^^^^                                         ^^ ^^^^


default : 0110 0110 | 1000 0000 | 1000 0000 | 1000 0000 | 1000 0000 | 0000 0000 | 0000 0000 | 1001 1001
back    : 0110 0110 | 1000 0000 | 0111 1010 | 1000 0000 | 1000 0000 | 0000 0000 | 1111 1010 | 1001 1001
          0110 0110 | 0111 1101 | 0100 0010 | 1000 0000 | 1000 0000 | 0000 0000 | 0011 1111 | 1001 1001
          0110 0110 | 0111 1111 | 0100 0010 | 1000 0000 | 1000 0000 | 0000 0000 | 0011 1101 | 1001 1001
          0110 0110 | 1000 0001 | 0100 0010 | 1000 0000 | 1000 0000 | 0000 0000 | 1100 0011 | 1001 1001
                      o^^^ ^^^^   ^^^^ ^^^                                        ^^^^ ^^^^


default : 0110 0110 | 1000 0000 | 1000 0000 | 1000 0000 | 1000 0000 | 0000 0000 | 0000 0000 | 1001 1001
right   : 0110 0110 | 1000 0000 | 0111 1111 | 1000 0000 | 1000 0000 | 0000 0000 | 1111 1111 | 1001 1001 |
          0110 0110 | 1001 0011 | 0111 1110 | 1000 0000 | 1000 0000 | 0000 0000 | 1110 1101 | 1001 1001 |
          0110 0110 | 1011 1111 | 1000 0000 | 1000 0000 | 1000 0000 | 0000 0000 | 0011 1111 | 1001 1001 |
          0110 0110 | 1011 1110 | 1000 0001 | 1000 0000 | 1000 0000 | 0000 0000 | 0011 1111 | 1001 1001 |
                        ^^ ^^^^   o^^^ ^^^^                                       ^^^^ ^^^^

default : 0110 0110 | 1000 0000 | 1000 0000 | 1000 0000 | 1000 0000 | 0000 0000 | 0000 0000 | 1001 1001
left    : 0110 0110 | 0111 1111 | 0111 1110 | 1000 0000 | 1000 0000 | 0000 0000 | 0000 0001 | 1001 1001
        : 0110 0110 | 0100 0001 | 1000 0000 | 1000 0000 | 1000 0000 | 0000 0000 | 1100 0001 | 1001 1001
        : 0110 0110 | 0100 0001 | 1000 0010 | 1000 0000 | 1000 0000 | 0000 0000 | 1100 0011 | 1001 1001
                      ^^^^ ^^^^   ^^^^ ^^^                                        ^^     ^^


default : 0110 0110 | 1000 0000 | 1000 0000 | 1000 0000 | 1000 0000 | 0000 0000 | 0000 0000 | 1001 1001
yaw  rig: 0110 0110 | 1000 0000 | 1000 0000 | 0111 1011 | 1000 0000 | 0000 0000 | 1111 1011 | 1001 1001 |
          0110 0110 | 1000 0000 | 1000 0000 | 0111 1001 | 1000 0000 | 0000 0000 | 1111 1001 | 1001 1001 | ?
          0110 0110 | 1000 0000 | 1000 0000 | 0111 0110 | 1000 0000 | 0000 0000 | 1111 0110 | 1001 1001 | ?
          0110 0110 | 1000 0000 | 1000 0000 | 0111 0101 | 1000 0000 | 0000 0000 | 1111 0101 | 1001 1001 | ?
          0110 0110 | 1000 0000 | 1000 0000 | 0111 0100 | 1010 1100 | 0000 0000 | 1101 1000 | 1001 1001 | ?
          0110 0110 | 1000 0000 | 1000 0000 | 0111 0100 | 1011 1010 | 0000 0000 | 1100 1110 | 1001 1001 | ?
          0110 0110 | 1000 0000 | 1000 0000 | 0111 0111 | 1111 1110 | 0000 0000 | 1000 1001 | 1001 1001 | ?
          0110 0110 | 1000 0000 | 1000 0000 | 0111 1011 | 1111 1110 | 0000 0000 | 1000 0101 | 1001 1001 | ?
                                              ^^^^ ^^^^

default : 0110 0110 | 1000 0000 | 1000 0000 | 1000 0000 | 1000 0000 | 0000 0000 | 0000 0000 | 1001 1001
yaw  lef: 0110 0110 | 1000 0000 | 1000 0000 | 1000 1011 | 1000 0000 | 0000 0000 | 0000 1011 | 1001 1001 | ?
          0110 0110 | 1000 0000 | 1000 0000 | 1000 1001 | 0110 0101 | 0000 0000 | 1110 1100 | 1001 1001 | ?
          0110 0110 | 1000 0000 | 1000 0000 | 1000 1010 | 0100 1001 | 0000 0000 | 1100 0011 | 1001 1001 | ?
          0110 0110 | 1000 0000 | 1000 0000 | 1000 1010 | 0010 1001 | 0000 0000 | 1010 0011 | 1001 1001 | ?
          0110 0110 | 1000 0000 | 1000 0000 | 1000 1100 | 0000 0010 | 0000 0000 | 1000 1110 | 1001 1001 | ?
          0110 0110 | 1000 0000 | 1000 0000 | 1000 0100 | 0000 0001 | 0000 0000 | 1000 0101 | 1001 1001 | ?
                                              ^^^^ ^^^^

default : 0110 0110 | 1000 0000 | 1000 0000 | 1000 0000 | 1000 0000 | 0000 0000 | 0000 0000 | 1001 1001
up      : 0110 0110 | 1000 0000 | 1000 0000 | 0110 1101 | 1000 0000 | 0000 0000 | 1110 1101 | 1001 1001 |
          0110 0110 | 1000 0000 | 1000 0000 | 1100 1111 | 1000 0000 | 0000 0000 | 0100 1111 | 1001 1001 |
          0110 0110 | 1000 0000 | 1000 0000 | 1111 1111 | 1000 0000 | 0000 0000 | 0111 1111 | 1001 1001 |
                                              ^^^^ ^^^^                           ^^^^ ^^^^

default : 0110 0110 | 1000 0000 | 1000 0000 | 1000 0000 | 1000 0000 | 0000 0000 | 0000 0000 | 1001 1001
down    : 0110 0110 | 1000 0000 | 1000 0000 | 0110 1000 | 1000 0000 | 0000 0000 | 1110 1000 | 1001 1001 |
          0110 0110 | 1000 0000 | 1000 0000 | 0010 0110 | 1000 0000 | 0000 0000 | 1010 0110 | 1001 1001 |
          0110 0110 | 1000 0000 | 1000 0000 | 0000 1001 | 1000 0000 | 0000 0000 | 1000 1001 | 1001 1001 |
                                              ^^^^ ^^^^                           ^^^^ ^^^^


unlocked: 0110 0110 | 1000 0000 | 1000 0000 | 1000 0000 | 1000 0000 | 0010 0000 | 0010 0000 | 1001 1001 |
                                              x                         ^           ^


on      : 0110 0110 | 1000 0000 | 1000 0000 | 0000 0000 | 1000 0000 | 0000 0000 | 1000 0000 | 1001 1001 |
hourglas: 0110 0110 | 1000 0000 | 1000 0000 | 1000 0000 | 1000 0000 | 0000 0000 | 0000 0000 | 1001 1001 |
unlocked: 0110 0110 | 1000 0000 | 1000 0000 | 1000 0000 | 1000 0000 | 0010 0000 | 0010 0000 | 1001 1001 |
stop    : 0110 0110 | 1000 0000 | 1000 0000 | 1000 0000 | 1000 0000 | 0000 0000 | 0000 0000 | 1001 1001 |
                                              A                         C         B D

A - hourglass / relative lift power
B - hourglass related?
C - prop on, low lift power
D - prop on, low lift power


lift
0110 0110 | 1000 0000 | 1000 0000 | 1000 0000 | 1000 0000 | 0000 0000 | 0000 0000 | 1001 1001 |
0110 0110 | 1000 0000 | 1000 0000 | 1100 0101 | 1000 0000 | 0000 0000 | 0100 0101 | 1001 1001 |
0110 0110 | 1000 0000 | 1000 0000 | 1111 1111 | 1000 0000 | 0000 0000 | 0111 1111 | 1001 1001 |
0110 0110 | 1000 0000 | 1000 0000 | 0100 1110 | 1000 0000 | 0000 0000 | 1100 1110 | 1001 1001 |


rise 668080ff80007f99
lower 6680804b8000cb99
maintain 6680808080000099

rise    : 0110 0110 | 1000 0000 | 1000 0000 | 1111 1111 | 1000 0000 | 0000 0000 | 0111 1111 | 1001 1001 | ?
lower   : 0110 0110 | 1000 0000 | 1000 0000 | 0100 1011 | 1000 0000 | 0000 0000 | 1100 1011 | 1001 1001 | ?
maintain: 0110 0110 | 1000 0000 | 1000 0000 | 1000 0000 | 1000 0000 | 0000 0000 | 0000 0000 | 1001 1001 | ?
unlocked: 0110 0110 | 1000 0000 | 1000 0000 | 1000 0000 | 1000 0000 | 0010 0000 | 0010 0000 | 1001 1001 |
on      : 0110 0110 | 1000 0000 | 1000 0000 | 0000 0000 | 1000 0000 | 0000 0000 | 1000 0000 | 1001 1001 |


          Data from when the drone flies up, then down.
         |----------------------------------------------------------------------------------------------|
         |Head      | Left/Righ | Forw/Back | Up/Down   | Yaw Le/Ri | Settings  | Checksum  | TAIL      |
rise    :|0110 0110 | 1000 0000 | 1000 0000 | 1111 1111 | 1000 0000 | 0000 0000 | 0111 1111 | 1001 1001 | ?
         |0110 0110 | 1000 0000 | 1000 0000 | 1111 1011 | 1000 0000 | 0000 0000 | 0111 1011 | 1001 1001 |
         |0110 0110 | 1000 0000 | 1000 0000 | 1011 1101 | 1000 0000 | 0000 0000 | 0011 1101 | 1001 1001 |
         |0110 0110 | 1000 0000 | 1000 0000 | 1111 1101 | 1000 0000 | 0000 0000 | 0111 1101 | 1001 1001 |
         |0110 0110 | 1000 0000 | 1000 0000 | 1100 0110 | 1000 0000 | 0000 0000 | 0100 0110 | 1001 1001 |
         |0110 0110 | 1000 0000 | 1000 0000 | 1100 1000 | 1000 0000 | 0000 0000 | 0100 1000 | 1001 1001 |
         |0110 0110 | 1000 0000 | 1000 0000 | 1100 1001 | 1000 0000 | 0000 0000 | 0100 1001 | 1001 1001 |
         |0110 0110 | 1000 0000 | 1000 0000 | 1100 1011 | 1000 0000 | 0000 0000 | 0100 1011 | 1001 1001 |
         |0110 0110 | 1000 0000 | 1000 0000 | 1000 1110 | 1000 0000 | 0000 0000 | 0000 1110 | 1001 1001 |
        :|0110 0110 | 1000 0000 | 1000 0000 | 0111 1110 | 1000 0000 | 0000 0000 | 1111 1110 | 1001 1001 |
         |0110 0110 | 1000 0000 | 1000 0000 | 0111 1101 | 1000 0000 | 0000 0000 | 1111 1101 | 1001 1001 |
         |0110 0110 | 1000 0000 | 1000 0000 | 1001 0100 | 1000 0000 | 0000 0000 | 0001 0100 | 1001 1001 |
         |0110 0110 | 1000 0000 | 1000 0000 | 1001 1010 | 1000 0000 | 0000 0000 | 0001 1010 | 1001 1001 |
         |0110 0110 | 1000 0000 | 1000 0000 | 1001 1100 | 1000 0000 | 0000 0000 | 0001 1100 | 1001 1001 |
         |0110 0110 | 1000 0000 | 1000 0000 | 1001 1110 | 1000 0000 | 0000 0000 | 0001 1110 | 1001 1001 |
         |0110 0110 | 1000 0000 | 1000 0000 | 1001 1111 | 1000 0000 | 0000 0000 | 0001 1111 | 1001 1001 |
         |0110 0110 | 1000 0000 | 1000 0000 | 1001 0101 | 1000 0000 | 0000 0000 | 0001 0101 | 1001 1001 |
maintain |0110 0110 | 1000 0000 | 1000 0000 | 1000 0000 | 1000 0000 | 0000 0000 | 0000 0000 | 1001 1001 |
down     |0110 0110 | 1000 0000 | 1000 0000 | 0111 1010 | 1000 0000 | 0000 0000 | 1111 1010 | 1001 1001 |
         |0110 0110 | 1000 0000 | 1000 0000 | 0111 1001 | 1000 0000 | 0000 0000 | 1111 1001 | 1001 1001 |
         |0110 0110 | 1000 0000 | 1000 0000 | 0111 0100 | 1000 0000 | 0000 0000 | 1111 0100 | 1001 1001 |
         |0110 0110 | 1000 0000 | 1000 0000 | 0110 1101 | 1000 0000 | 0000 0000 | 1110 1101 | 1001 1001 |
         |0110 0110 | 1000 0000 | 1000 0000 | 0110 1000 | 1000 0000 | 0000 0000 | 1110 1000 | 1001 1001 |
         |0110 0110 | 1000 0000 | 1000 0000 | 0011 1111 | 1000 0000 | 0000 0000 | 1011 1111 | 1001 1001 |
         |0110 0110 | 1000 0000 | 1000 0000 | 0011 1100 | 1000 0000 | 0000 0000 | 1011 1100 | 1001 1001 |
         |----------|-----------|-----------|-----------|-----------|-----------|-----------|-----------|


Flying up and staying steady
0110 0110 | 1000 0000 | 1000 0000 | 1111 1111 | 1000 0000 | 0000 0000 | 0111 1111 | 1001 1001 | ?
0110 0110 | 1000 0000 | 1000 0000 | 1111 1110 | 1000 0000 | 0000 0000 | 0111 1110 | 1001 1001 | ?
0110 0110 | 1000 0000 | 1000 0000 | 1111 1101 | 1000 0000 | 0000 0000 | 0111 1101 | 1001 1001 | ?
0110 0110 | 1000 0000 | 1000 0000 | 1111 0111 | 1000 0000 | 0000 0000 | 0111 0111 | 1001 1001 | ?
0110 0110 | 1000 0000 | 1000 0000 | 1111 0011 | 1000 0000 | 0000 0000 | 0111 0011 | 1001 1001 | ?



checksum calc:
?0110011010001001100100001110011010000000000000000111111110011001?


0000   66 89 90 e6 80 00 7f 99 -> [6] = [1..5]
0000   66 8e 90 e6 80 00 78 99 -> [6] /= [1..5]




0000   66 96 90 e6 80 00 60 99







20180107
0110 0110 | 1000 0001 | 0111 1000 | 1000 0000 | 1000 0000 | 0000 0000 | 1111 1001 | 1001 1001 | ?
0110 0110 | 1000 0000 | 0111 1000 | 1000 0000 | 1000 0000 | 0000 0000 | 1111 1000 | 1001 1001 | ?
0110 0110 | 0111 1010 | 0111 1010 | 1000 0000 | 1000 0000 | 0000 0000 | 0000 0000 | 1001 1001 | ?
0110 0110 | 0111 0110 | 0111 1010 | 1000 0000 | 1000 0000 | 0000 0000 | 0000 1100 | 1001 1001 | ?
0110 0110 | 0111 0001 | 0111 1010 | 1000 0000 | 1000 0000 | 0000 0000 | 0000 1011 | 1001 1001 | ?
0110 0110 | 0110 1010 | 0111 1001 | 1000 0000 | 1000 0000 | 0000 0000 | 0001 0011 | 1001 1001 | ?
0110 0110 | 0110 0000 | 0111 0110 | 1000 0000 | 1000 0000 | 0000 0000 | 0001 0110 | 1001 1001 | ?
0110 0110 | 0101 1101 | 0111 0100 | 1000 0000 | 1000 0000 | 0000 0000 | 0010 1001 | 1001 1001 | ?
0110 0110 | 0101 1010 | 0111 0100 | 1000 0000 | 1000 0000 | 0000 0000 | 0010 1110 | 1001 1001 | ?
